273 431 159
166 441 210
230 328 4
158 210 170
336 317 279
134 311 268
173 468 322
92 229 246
445 209 154
404 31 197
354 302 25
482 299 434
37 64 315
2 130 95
299 452 405
67 253 383
398 2 145
398 178 359
176 246 232
413 469 400
469 396 9
366 443 463
213 196 322
58 239 332
7 336 180
224 455 320
7 124 127
345 221 95
239 364 395
448 124 160
386 248 40
469 145 421
12 43 35
397 319 296
398 170 34
212 163 211
369 336 126
332 375 440
485 95 61
270 194 16
3 464 7
139 345 332
232 204 350
181 10 276
46 238 261
98 65 257
413 477 151
66 249 382
484 54 130
177 306 323
445 401 367
134 156 399
212 358 267
92 134 238
89 32 198
201 359 305
231 481 448
427 1 239
361 94 115
16 230 86
468 420 144
104 474 304
431 407 460
421 398 104
21 401 204
435 451 177
43 50 75
471 484 380
319 230 472
125 277 122
61 65 272
302 52 4
414 150 275
118 289 284
12 258 196
66 54 94
142 308 353
288 172 128
343 349 18
412 221 374
190 254 430
93 399 361
440 353 368
172 392 117
241 121 46
64 212 351
32 296 328
102 425 16
437 109 325
474 406 217
328 366 170
450 168 385
21 468 167
245 212 259
190 268 326
30 29 419
397 41 255
253 12 366
211 246 176
300 38 248
165 130 80
34 459 290
39 347 218
497 220 322
236 36 488
168 235 285
326 162 477
140 299 199
108 392 266
451 107 455
478 155 142
123 248 466
30 263 49
253 262 158
431 456 497
428 294 313
357 153 199
267 300 415
220 87 253
444 106 170
472 200 317
334 358 392
490 177 184
392 27 405
314 385 391
371 38 285
333 233 303
11 463 378
221 337 442
153 391 457
102 151 419
462 246 2
138 174 306
19 176 422
144 264 55
495 365 416
215 317 93
348 242 369
72 129 235
294 330 372
131 80 265
383 139 343
1 481 76
234 44 88
279 381 401
163 346 15
56 291 219
322 276 35
215 284 460
286 138 101
68 461 416
364 63 229
262 314 279
8 395 1
240 45 432
455 15 109
448 164 371
53 482 9
357 380 20
245 289 400
410 237 275
50 152 185
274 328 90
232 436 375
298 88 71
464 113 112
214 322 231
493 255 460
280 278 60
123 154 82
197 401 92
176 145 130
289 119 81
150 341 163
460 379 160
382 441 55
96 370 45
220 126 424
171 370 347
362 25 65
435 226 162
429 94 261
223 24 469
457 179 365
229 490 337
447 348 117
106 237 24
426 413 54
140 296 234
430 139 161
277 63 134
193 485 465
146 263 360
371 1 249
144 301 429
10 302 273
358 32 270
255 255 317
378 298 467
464 175 232
28 251 334
452 365 145
101 84 408
226 322 392
359 162 54
27 188 269
93 452 205
318 177 463
36 480 72
224 118 479
307 469 427
397 489 277
492 319 417
152 462 249
229 479 162
180 469 309
479 454 393
463 205 476
469 469 36
46 266 279
38 364 188
56 185 176
134 387 94
166 268 331
242 153 315
413 461 261
468 86 201
496 101 187
137 418 184
223 290 226
275 222 192
420 127 284
463 259 376
448 25 309
397 315 1
255 40 463
174 163 11
322 339 72
244 93 458
392 137 416
144 429 135
204 38 308
260 417 450
186 97 187
252 13 182
481 209 455
137 113 215
111 382 420
267 120 368
143 423 78
437 326 31
457 481 234
306 459 282
445 43 202
14 323 444
230 161 19
196 314 33
111 382 212
406 365 262
495 119 137
71 344 3
98 283 433
412 11 320
63 271 46
51 214 210
300 454 118
16 4 443
155 353 265
387 453 260
199 380 50
86 328 444
462 477 32
12 223 333
31 54 234
182 111 388
437 160 41
213 27 27
55 159 342
333 463 452
444 408 406
466 282 198
185 125 413
347 352 241
150 362 50
251 445 197
302 266 436
395 425 121
144 346 287
203 105 79
368 144 131
274 126 250
458 480 349
28 406 308
496 450 398
163 486 399
224 384 204
203 176 35
351 14 251
209 348 482
411 115 268
157 305 447
9 157 235
114 105 225
148 270 378
195 21 240
449 321 459
81 114 393
464 171 369
151 392 372
495 402 26
122 188 47
111 161 366
475 35 324
358 78 376
40 340 173
397 107 391
185 322 17
136 488 473
259 296 31
129 207 313
482 234 227
125 378 10
293 181 316
127 418 178
220 8 350
160 328 82
349 323 330
432 425 228
431 102 273
153 128 295
85 225 152
396 196 178
118 224 118
123 414 76
9 463 143
220 202 407
395 253 136
348 352 364
249 235 448
257 460 433
495 320 390
402 447 1
276 418 475
441 292 492
64 310 98
393 221 20
298 334 377
304 267 375
426 170 226
261 115 422
82 276 354
471 453 246
371 420 48
30 497 80
363 421 82
94 158 455
379 174 467
211 380 27
380 188 302
124 479 203
263 124 97
223 175 156
28 195 80
85 314 348
14 237 101
307 267 163
56 397 38
58 62 334
236 290 415
344 428 461
113 81 212
435 439 46
119 51 341
89 343 188
47 221 235
343 363 476
178 236 116
197 391 81
139 356 273
306 198 487
384 177 496
452 306 100
162 397 96
25 471 380
4 281 474
42 64 358
95 452 287
220 7 155
140 193 414
306 366 430
69 180 198
489 2 448
431 77 73
133 153 130
410 217 63
368 314 209
164 471 336
24 446 60
43 492 238
176 57 383
454 271 171
272 83 374
435 385 122
159 309 286
336 425 373
396 248 499
38 337 444
404 97 443
156 305 289
257 294 66
333 181 191
426 118 415
308 126 358
466 482 460
430 64 65
233 330 54
90 277 41
163 267 487
228 416 28
262 266 436
304 195 220
475 184 305
306 260 209
14 230 216
50 185 306
308 286 349
67 234 64
392 175 443
262 364 199
213 330 298
14 212 466
223 389 124
113 373 378
476 119 42
83 59 282
118 396 462
457 461 287
471 385 412
358 121 486
284 203 200
300 330 138
316 338 316
497 473 467
446 325 372
109 116 455
212 96 353
111 283 411
7 185 21
494 50 125
486 62 82
296 14 23
357 301 358
296 175 11
21 294 82
265 54 25
6 307 194
388 210 231
412 54 271
163 108 189
378 493 478
22 28 252
6 137 278
40 160 476
467 491 475
448 335 461
275 249 366
311 3 259
349 237 493
133 38 320
459 406 312
303 408 165
96 88 15
254 61 368
401 227 369
418 397 72
374 472 389
190 53 194
51 418 199
312 189 366
258 168 5
28 121 204
417 343 230
46 174 303
29 387 389
162 197 327
129 98 391
239 426 453
262 328 16
36 314 229
492 465 324
453 28 249
470 400 122
155 8 214
328 148 181
207 248 365
258 80 332
343 442 239
3 409 12
65 3 337
456 109 41
500 166 402
483 383 44
433 105 262
208 415 357
233 336 488
329 455 65
133 371 245
127 156 165
225 2 91
264 5 211
101 102 428
356 324 70
422 275 370
243 313 290
488 68 153
4 282 333
20 471 486
294 319 218
46 120 358
331 19 470
309 269 191
112 494 118
302 264 269
195 47 479
288 274 85
149 485 263
51 127 95
372 100 92
93 374 411
40 380 13
112 385 365
398 400 442
383 39 412
309 481 4
250 294 400
282 276 76
198 449 129
196 315 338
167 344 326
366 24 76
57 158 474
363 377 453
183 310 295
266 236 145
456 347 405
212 153 464
291 252 278
312 243 291
279 215 270
299 20 351
489 47 2
345 348 212
163 237 257
101 267 488
371 347 399
128 59 385
228 236 90
211 289 41
215 157 124
436 382 163
94 367 71
127 304 200
416 182 420
390 462 269
43 114 421
393 307 433
303 220 91
270 95 433
294 465 296
167 322 59
46 130 155
247 198 297
415 282 144
369 12 393
267 238 433
116 460 461
65 269 64
87 27 116
421 60 51
31 158 318
100 23 29
149 205 77
211 60 158
56 73 171
284 130 87
200 86 160
97 154 204
22 227 238
199 248 328
118 224 331
434 375 40
37 156 372
385 375 377
487 401 250
143 451 28
261 469 355
449 186 299
291 430 134
259 270 412
276 156 424
93 269 86
114 191 287
112 313 204
366 328 397
250 101 372
444 417 466
81 149 178
77 18 262
470 280 105
170 41 216
194 86 11
6 300 316
121 323 150
129 197 460
194 300 377
120 16 436
377 16 345
386 424 438
244 199 303
180 124 493
278 194 53
151 99 69
191 402 9
332 175 288
183 273 382
71 416 31
98 21 446
178 2 334
270 371 367
282 142 333
162 362 316
260 465 63
60 427 324
222 168 147
100 87 44
295 115 156
59 381 202
199 464 382
241 430 455
466 480 183
426 290 389
194 215 46
367 467 497
220 136 160
306 103 282
139 93 164
497 232 237
437 437 218
369 5 315
413 166 276
333 134 349
276 208 211
458 200 8
137 101 211
73 416 116
127 496 340
357 99 81
152 77 166
4 247 245
353 387 254
63 69 388
46 310 465
32 362 79
198 500 461
285 408 45
310 441 379
427 308 437
468 331 453
100 447 16
411 125 137
174 432 24
472 166 217
76 210 8
30 189 64
276 32 316
178 217 10
45 93 20
168 226 255
414 37 371
363 482 104
368 183 277
250 421 452
30 272 366
489 69 128
260 140 458
102 187 478
180 292 363
219 124 432
293 58 220
367 432 337
486 405 178
219 72 307
382 72 234
480 142 120
157 481 83
464 123 460
66 100 451
193 54 114
221 12 496
11 152 468
388 41 250
353 68 122
185 52 63
209 221 218
159 91 364
312 311 174
408 401 373
38 35 482
5 138 134
37 72 161
329 388 226
124 8 273
97 239 15
270 59 175
367 223 180
280 148 385
456 112 121
144 278 210
153 3 250
202 105 172
65 216 423
186 378 483
106 410 355
478 67 459
259 492 234
86 174 319
7 29 262
113 355 132
258 113 380
326 188 36
408 408 354
436 34 270
150 316 419
257 436 89
176 405 347
147 188 299
300 174 240
101 35 365
200 430 201
335 197 461
341 405 402
220 182 485
175 370 444
212 323 86
383 122 76
376 282 161
388 49 229
6 90 106
124 106 437
233 452 235
298 270 16
53 170 391
235 391 201
26 287 89
82 421 276
496 352 120
495 299 446
464 427 197
420 486 20
359 48 127
54 492 99
129 161 207
488 59 229
116 199 357
129 450 260
467 390 93
88 491 225
391 339 457
317 445 292
233 320 67
390 194 282
466 342 48
28 267 261
116 496 42
218 447 475
53 498 2
69 15 332
30 220 14
287 190 499
76 205 500
423 362 364
186 489 163
279 297 57
221 261 390
139 481 498
277 393 41
144 148 365
117 91 269
59 278 458
428 414 131
127 83 449
116 206 274
251 285 419
354 403 198
137 158 57
241 402 158
433 424 214
142 155 98
437 347 482
142 270 125
169 394 278
316 107 248
417 295 134
141 464 197
86 381 390
209 430 403
189 340 233
313 105 1
477 386 208
98 10 236
343 64 314
396 485 193
320 440 178
335 334 156
368 308 422
52 451 79
285 59 66
256 244 449
458 287 63
237 178 400
307 97 472
481 139 356
190 448 35
106 420 101
94 439 396
309 315 450
383 241 437
205 147 405
252 420 245
393 118 193
497 423 382
98 175 454
20 115 356
374 202 367
486 489 77
101 465 200
157 312 219
224 395 385
136 177 46
404 389 355
5 490 259
226 414 262
71 280 72
238 390 389
397 16 128
169 469 63
232 83 412
110 198 427
279 170 30
450 41 467
321 364 242
46 335 194
344 179 104
184 296 185
338 197 386
417 146 26
154 331 267
438 491 440
27 272 286
452 392 307
98 252 409
155 125 209
120 223 319
344 283 149
116 447 196
485 15 251
414 63 418
231 318 265
160 20 91
482 283 208
447 385 363
163 488 170
85 38 153
437 150 414
129 477 183
357 276 47
484 70 462
482 62 495
345 217 482
129 360 96
459 309 378
239 13 397
127 211 238
4 422 497
195 49 45
234 370 130
456 471 222
315 249 229
275 418 348
380 276 221
473 253 137
319 40 299
3 123 353
202 296 443
386 299 493
277 273 107
251 55 432
465 93 263
168 208 179
79 451 457
418 141 58
96 321 341
493 229 372
377 264 27
168 140 454
335 321 131
424 68 260
311 146 168
71 47 334
498 122 472
54 254 86
111 12 21
7 98 266
36 458 262
135 484 41
384 205 336
260 132 265
230 359 320
466 344 133
146 72 357
13 479 416
280 133 313
146 242 329
187 147 154
259 305 213
192 349 358
133 114 214
473 291 267
310 326 432
39 68 63
435 127 344
392 70 161
285 340 242
107 120 441
473 311 160
243 297 315
9 65 45
289 181 374
472 142 454
4 17 340
224 8 370
64 406 140
87 85 89
241 14 335
102 385 343
257 344 244
23 30 59
76 102 464
296 415 489
134 182 411
382 69 292
408 64 459
236 391 261
247 369 245
485 390 430
51 169 215
373 429 5
63 294 227
91 417 142
34 230 452
449 282 374
166 488 223
237 24 66
40 334 415
50 422 468
408 1 11
115 280 335
253 113 206
173 398 95
113 43 53
285 387 340
435 18 3
133 492 78
397 283 497
157 323 228
163 1 438
266 121 229
327 273 258
452 78 497
164 284 265
266 28 340
464 11 403
123 104 385
487 273 77
375 420 5
163 467 423
497 61 380
64 458 25
136 362 44
74 362 382
420 218 232
144 390 176
221 365 218
301 321 356
286 129 242
353 130 29
231 235 379
424 276 440
427 159 443
403 245 239
